image_width: 1280
image_height: 960
camera_name: camerav2_1280x960
camera_matrix:
  rows: 3
  cols: 3
  data: [1416.578042286098, 0.0, 542.203200273647, 0.0, 1419.2019619115952, 518.3622335296893, 0.0, 0.0, 1.0]
distortion_model: plumb_bob
distortion_coefficients:
  rows: 1
  cols: 5
  data: [-0.4177008757209538, 0.20332342109751958, 0.004021137010438875, 0.004506403453916066, 0.0]
rectification_matrix:
  rows: 3
  cols: 3
  data: [1, 0, 0, 0, 1, 0, 0, 0, 1]
projection_matrix:
  rows: 3
  cols: 4
  data: [1281.5460205078125, 0.0, 528.1200190598611, 0.0, 0.0, 1343.8038330078125, 524.9288589097596, 0.0, 0.0, 0.0, 1.0, 0.0]